7

0
0.000000
-4.000000
0.000000
0.000000
0.000000
90.000000
0.000000
0.000000
0.000000
0.000000
0.000000
0.000000
0.000000
0.000000
0.000000
0.000000
0.000000
0.000000
0.000000
0.000000
0.000000
0.000000
0.000000
0.000000
0.000000

1
0.100000
-3.000000
0.000000
0.000000
0.000000
0.000000
0.000000
0.000000
45.000000
0.000000
0.000000
-45.000000
0.000000
0.000000
-45.000000
0.000000
0.000000
45.000000
0.000000
0.000000
0.000000
45.000000
0.000000
0.000000
0.000000

2
0.200000
-1.250000
1.000000
0.000000
0.000000
-90.000000
0.000000
0.000000
-45.000000
0.000000
45.000000
-45.000000
0.000000
45.000000
15.000000
0.000000
15.000000
-15.000000
0.000000
-15.000000
0.000000
45.000000
45.000000
75.000000
75.000000

3
0.300000
0.250000
1.000000
0.000000
0.000000
-180.000000
0.000000
0.000000
45.000000
0.000000
-25.000000
45.000000
0.000000
-25.000000
19.856333
0.000000
13.009702
-20.043631
0.000000
-13.009702
1.000000
0.000000
0.000000
73.953979
80.002296

4
0.400000
1.000000
0.000000
0.000000
0.000000
-270.000000
0.000000
90.000000
-45.000000
0.000000
25.000000
-45.000000
0.000000
25.000000
-15.000000
0.000000
0.000000
-15.000000
0.000000
-15.000000
0.000000
0.000000
0.000000
0.000000
0.000000

5
0.500000
2.000000
0.000000
0.000000
0.000000
-270.000000
0.000000
0.000000
-45.000000
0.000000
25.000000
-45.000000
45.000000
-10.000000
0.000000
0.000000
0.000000
0.000000
0.000000
0.000000
1.000000
20.000000
45.000000
0.000000
0.000000

6
0.500000
2.000000
0.000000
0.000000
0.000000
-360.000000
0.000000
0.000000
-45.000000
0.000000
25.000000
-45.000000
45.000000
-10.000000
0.000000
0.000000
0.000000
0.000000
0.000000
0.000000
1.000000
20.000000
45.000000
0.000000
0.000000

7
0.600000
2.000000
0.000000
0.000000
30.000000
-360.000000
0.000000
0.000000
-45.000000
0.000000
25.000000
-45.000000
45.000000
-10.000000
-45.000000
0.000000
0.000000
-45.000000
0.000000
0.000000
1.000000
20.000000
45.000000
0.000000
0.000000

